4294967278,308
4294967278,364
4294967278,227
4294967278,13
4294967279,517
4294967279,242
4294967294,1016
1516,6
1516,5
1516,4
1516,3
1516,2
1516,1
1513,6
1513,5
4294967278,274
1513,4
1513,3
1513,2
1513,1
4294967279,538
1510,6
1510,5
1510,4
1510,3
1510,2
1510,1
4294967294,448
1507,6
1507,5
1507,4
1507,3
1507,2
1507,1
4294967294,163
4294967278,195
1504,4
1504,3
1504,2
1504,1
4294967278,186
1503,5
1503,4
1503,3
1503,2
1503,1
1501,6
1501,5
1501,4
1501,3
1501,2
1501,1
1500,5
1500,4
1500,3
1500,2
1500,1
4294967278,347
1499,5
1499,4
1499,3
1499,2
1499,1
1498,5
1498,4
1498,3
1498,2
1498,1
4294967279,240
4294967294,384
4294967294,111
4294967279,140
4294967279,515
4294967279,232
1496,4
1496,3
1496,2
1496,1
4294967279,228
180,4
4294967294,12
4294967278,340
4294967279,224
4294967279,301
4294967279,532
1495,6
1495,5
1495,4
1495,2
1495,1
4294967278,314
4294967278,211
1492,6
1492,5
1492,4
1492,3
1492,2
1492,1
4294967294,1013
4294967278,361
4294967278,194
4294967279,191
4294967279,190
4294967278,360
4294967279,186
1489,6
1489,5
1489,4
1489,2
1489,1
4294967279,542
4294967279,286
1486,6
1486,5
1486,4
1486,2
1486,1
4294967279,570
4294967278,149
4294967279,139
1483,4
1483,3
1483,2
1483,1
1482,5
1482,4
1482,3
1482,2
1482,1
4294967279,534
4294967294,465
4294967294,411
1480,6
1480,5
1480,4
1480,3
1480,2
1480,1
4294967278,355
1479,5
1479,4
1479,3
1479,2
1479,1
1478,5
1478,4
1478,3
1478,2
1478,1
1477,5
1477,4
1477,3
1477,2
1477,1
4294967278,297
4294967294,998
1475,4
1475,3
1475,2
1475,1
4294967278,196
4294967278,7
4294967278,6
4294967278,4
4294967279,128
4294967279,126
4294967279,125
4294967279,120
4294967279,574
4294967279,551
4294967279,516
4294967279,530
4294967278,322
1474,6
1474,5
1474,4
1474,2
1474,1
4294967278,309
1471,6
1471,5
1471,4
1471,3
1471,2
1471,1
4294967294,194
1468,6
1468,5
1468,4
1468,2
1468,1
4294967278,282
4294967279,565
4294967278,254
1465,6
1465,5
1465,4
1465,2
1465,1
4294967278,237
1462,4
1462,3
1462,2
1462,1
4294967294,1009
4294967294,1006
1461,5
1461,4
1461,3
1461,2
1461,1
4294967278,435
4294967279,564
1459,6
1459,5
1459,4
1459,3
1459,2
1459,1
1458,5
1458,4
1458,3
1458,2
1458,1
4294967279,529
4294967278,175
1457,5
1457,4
1457,3
1457,2
1457,1
4294967279,171
1456,5
1456,4
1456,3
1456,2
1456,1
4294967279,161
1454,4
1454,3
1454,2
1454,1
4294967279,305
4294967279,541
4294967279,302
4294967278,223
4294967278,331
4294967278,335
4294967278,332
4294967278,280
4294967278,62
4294967278,61
4294967278,60
4294967278,59
4294967278,58
4294967278,57
4294967278,55
4294967278,54
4294967278,53
4294967278,52
4294967278,51
4294967278,50
4294967278,49
4294967278,48
4294967278,47
4294967278,46
4294967278,45
4294967278,44
4294967278,43
4294967278,42
4294967278,41
4294967278,40
4294967278,39
4294967278,38
4294967278,37
4294967278,36
4294967278,35
4294967278,34
4294967278,33
4294967278,32
4294967278,27
4294967278,26
4294967278,25
4294967278,24
4294967278,23
4294967278,22
4294967278,21
4294967278,20
4294967278,19
4294967278,18
4294967278,17
4294967278,16
4294967278,328
4294967278,426
4294967279,540
4294967279,129
4294967279,124
4294967279,117
4294967279,82
4294967279,81
4294967279,78
4294967279,76
4294967279,75
4294967279,73
4294967279,68
4294967279,66
4294967279,65
4294967279,63
4294967279,62
4294967279,61
4294967279,59
4294967279,58
4294967279,56
4294967279,55
4294967279,53
4294967279,46
4294967279,45
4294967279,44
4294967279,40
4294967279,39
4294967279,37
4294967279,33
4294967279,27
4294967279,25
4294967279,24
4294967279,22
4294967279,10
4294967279,9
4294967278,346
4294967278,31
4294967279,31
4294967278,345
4294967278,30
4294967279,30
4294967278,29
4294967279,29
4294967278,28
4294967278,316
1453,6
1453,5
1453,4
1453,2
1453,1
4294967278,342
4294967294,492
4294967294,1014
4294967278,306
4294967278,315
1450,6
1450,5
1450,4
4294967278,240
1450,3
1450,2
1450,1
4294967278,339
4294967278,224
4294967278,222
1447,6
1447,5
1447,4
1447,2
1447,1
4294967278,203
4294967279,193
4294967279,189
4294967294,418
1444,6
1444,5
1444,4
1444,2
1444,1
4294967279,179
4294967279,562
4294967278,173
4294967278,167
4294967278,164
1441,4
1441,3
1441,2
1441,1
1440,5
1440,4
1440,3
1440,2
1440,1
1438,6
1438,5
1438,4
1438,3
1438,2
1438,1
1437,5
1437,4
1437,3
1437,2
1437,1
4294967294,491
4294967278,336
1436,5
1436,4
1436,3
1436,2
1436,1
1435,5
1435,4
1435,3
1435,2
1435,1
4294967294,490
1433,4
1433,3
1433,2
1433,1
4294967294,410
4294967279,379
4294967278,271
4294967279,558
4294967279,520
4294967278,313
4294967278,312
4294967279,329
4294967278,221
4294967278,400
4294967279,289
4294967279,548
4294967279,527
4294967279,539
4294967279,525
4294967279,14
4294967279,363
4294967279,531
4294967278,333
4294967279,307
4294967279,306
4294967278,407
1432,6
1432,5
1432,4
1432,2
1432,1
4294967294,489
4294967278,189
4294967278,187
4294967279,187
4294967279,178
4294967278,177
1429,6
4294967279,177
1429,5
1429,4
4294967279,176
1429,3
1429,2
1429,1
4294967279,170
4294967278,166
4294967279,164
4294967279,166
4294967294,1007
4294967294,176
4294967279,155
1426,6
1426,5
1426,4
1426,2
1426,1
4294967279,270
4294967279,277
1423,6
1423,5
1423,4
1423,2
1423,1
1420,4
1420,3
1420,2
1420,1
4294967278,248
1419,5
1419,4
1419,3
1419,2
1419,1
1417,6
4294967294,453
4294967294,169
4294967278,220
1417,5
4294967278,218
1417,4
1417,3
1417,2
1417,1
1416,5
1416,4
1416,3
1416,2
1416,1
4294967278,202
4294967278,201
4294967278,200
1415,5
1415,4
1415,3
1415,2
1415,1
1414,5
1414,4
4294967279,192
1414,3
1414,2
1414,1
4294967278,191
4294967278,190
4294967279,188
4294967278,302
1412,4
1412,3
1412,2
1412,1
4294967278,427
4294967294,1008
4294967278,305
4294967279,284
4294967278,304
4294967279,220
4294967294,1423
4294967279,293
4294967278,229
4294967278,307
4294967278,311
4294967278,285
4294967278,418
4294967279,318
4294967279,512
4294967279,71
4294967279,518
4294967279,514
4294967294,110
4294967294,404
1411,6
1411,5
1411,4
1411,2
1411,1
4294967279,547
4294967278,88
4294967279,261
1408,6
1408,5
4294967279,275
1408,4
1408,3
1408,2
1408,1
4294967294,192
4294967278,258
1405,6
1405,5
1405,4
1405,2
1405,1
1402,6
1402,5
1402,4
1402,2
1402,1
4294967278,192
1399,4
1399,3
1399,2
1399,1
1398,5
1398,4
1398,3
1398,2
1398,1
4294967278,446
1396,6
4294967278,310
4294967279,341
1396,5
1396,4
1396,3
1396,2
1396,1
4294967279,157
1395,5
1395,4
1395,3
1395,2
1395,1
4294967294,1011
4294967294,198
4294967279,146
1394,5
1394,4
1394,3
1394,2
1394,1
4294967278,343
1393,5
1393,4
1393,3
1393,2
1393,1
4294967279,573
1391,4
1391,3
1391,2
1391,1
4294967279,156
4294967278,56
4294967278,303
4294967279,2
4294967279,88
4294967279,317
4294967279,304
4294967279,57
4294967279,20
4294967279,15
4294967279,12
4294967278,300
1390,6
1390,5
1390,4
1390,2
1390,1
4294967294,386
1387,6
1387,5
1387,4
1387,3
1387,2
1387,1
4294967279,376
1384,6
1384,5
1384,4
1384,2
1384,1
4294967279,165
4294967279,162
4294967279,148
1381,6
4294967279,150
1381,5
1381,4
4294967279,149
1381,2
1381,1
4294967278,301
4294967279,142
4294967279,272
4294967279,136
4294967278,370
4294967278,135
1378,4
4294967279,271
1378,3
1378,2
1378,1
4294967279,265
1377,5
1377,4
1377,3
1377,2
1377,1
1375,6
4294967278,321
1375,5
4294967279,315
1375,4
1375,3
1375,2
1375,1
4294967278,352
1374,5
1374,4
1374,3
1374,2
1374,1
4294967278,298
4294967278,246
4294967279,236
4294967278,236
4294967279,235
4294967278,230
4294967278,234
1373,5
1373,4
4294967278,232
1373,3
1373,2
1373,1
1372,5
1372,4
1372,3
1372,2
1372,1
4294967279,211
1370,4
1370,3
1370,2
1370,1
4294967294,413
4294967294,414
4294967294,1005
4294967294,403
4294967294,168
4294967294,456
4294967278,295
4294967279,280
4294967279,137
4294967279,278
4294967279,358
4294967279,48
4294967279,18
4294967278,294
4294967279,528
1369,6
1369,5
1369,4
1369,2
1369,1
4294967279,294
4294967279,526
1366,6
1366,5
1366,4
1366,3
1366,2
1366,1
4294967279,135
4294967279,133
4294967279,524
4294967279,279
4294967278,269
1363,6
1363,5
1363,4
1363,2
1363,1
4294967278,292
4294967278,320
4294967278,317
4294967279,296
4294967278,250
4294967278,290
1360,6
1360,5
1360,4
1360,2
1360,1
4294967278,216
4294967279,298
4294967278,213
4294967278,212
1357,4
1357,3
1357,2
1357,1
4294967278,210
4294967294,468
4294967294,113
4294967294,461
4294967278,205
4294967278,204
1356,5
1356,4
1356,3
1356,2
1356,1
4294967278,388
1354,6
4294967279,343
4294967279,320
1354,5
1354,4
1354,3
1354,2
1354,1
1353,5
4294967278,182
1353,4
1353,3
1353,2
1353,1
4294967279,519
1352,5
1352,4
1352,3
1352,2
1352,1
1351,5
1351,4
1351,3
1351,2
1351,1
1350,5
1350,4
1350,3
1350,2
1350,1
1349,4
1349,3
1349,2
1349,1
4294967294,180
4294967278,372
4294967279,283
4294967278,413
4294967278,330
4294967279,299
4294967278,279
4294967278,382
4294967279,295
4294967279,378
4294967279,287
4294967279,291
4294967279,290
4294967278,289
4294967279,350
4294967278,251
1348,6
1348,5
1348,4
1348,2
1348,1
4294967294,390
1345,6
1345,5
1345,4
1345,3
1345,2
1345,1
4294967294,162
4294967279,219
4294967278,209
4294967278,208
4294967279,207
1342,6
1342,5
1342,4
1342,2
1342,1
4294967278,287
4294967278,181
1339,6
1339,5
1339,4
1339,2
1339,1
4294967278,284
4294967278,171
4294967278,434
1336,4
1336,3
1336,2
1336,1
4294967278,283
1335,5
1335,4
1335,3
1335,2
1335,1
4294967294,409
4294967294,178
4294967294,405
4294967278,143
4294967279,285
4294967279,340
1333,6
4294967278,139
1333,5
1333,4
1333,3
1333,2
1333,1
4294967278,134
1332,5
1332,4
1332,3
1332,2
1332,1
4294967294,115
4294967278,265
1331,5
1331,4
1331,3
1331,2
1331,1
4294967279,366
1330,5
1330,4
1330,3
1330,2
1330,1
4294967294,478
1328,4
1328,3
1328,2
1328,1
4294967294,1420
4294967279,316
4294967294,114
4294967294,120
4294967294,480
4294967294,89
4294967278,259
4294967279,533
4294967294,68
4294967294,11
4294967278,132
4294967278,130
4294967278,128
4294967278,127
4294967278,126
4294967278,125
4294967278,124
4294967278,123
4294967278,122
4294967278,121
4294967278,371
4294967278,120
4294967278,116
4294967278,114
4294967278,112
4294967278,111
4294967278,110
4294967278,109
4294967278,108
4294967278,107
4294967278,102
4294967278,101
4294967278,100
4294967278,99
4294967278,98
4294967278,263
4294967278,97
4294967278,95
4294967278,94
4294967278,93
4294967278,92
4294967278,87
4294967278,85
4294967278,84
4294967278,83
4294967278,266
4294967278,82
4294967278,80
4294967278,79
4294967278,78
4294967278,77
4294967278,75
4294967278,74
4294967278,429
4294967278,71
4294967278,70
4294967278,69
4294967278,68
4294967278,66
4294967278,65
4294967278,174
4294967278,64
4294967278,63
4294967278,256
4294967278,447
4294967279,273
4294967279,174
4294967279,79
4294967279,274
4294967279,77
4294967279,64
4294967279,54
4294967279,52
4294967279,50
4294967279,49
4294967279,47
4294967279,41
4294967279,38
4294967279,36
4294967279,17
4294967279,8
4294967279,7
4294967279,5
4294967278,106
4294967278,104
4294967279,569
4294967278,103
1327,6
1327,5
1327,4
1327,2
1327,1
4294967294,173
4294967294,161
1324,6
1324,5
1324,4
1324,3
1324,2
1324,1
4294967278,241
1321,6
1321,5
1321,4
1321,2
1321,1
4294967278,362
1318,6
1318,5
1318,4
1318,2
1318,1
4294967279,303
4294967279,339
1315,4
1315,3
1315,2
1315,1
4294967279,237
1314,5
1314,4
1314,3
1314,2
1314,1
4294967279,227
1312,6
1312,5
1312,4
1312,3
1312,2
1312,1
4294967278,369
1311,5
1311,4
1311,3
1311,2
1311,1
4294967294,420
4294967294,449
4294967279,202
1310,5
1310,4
1310,3
1310,2
1310,1
1309,5
4294967294,401
1309,4
1309,3
1309,2
1309,1
4294967278,424
1307,4
1307,3
1307,2
1307,1
4294967278,272
4294967278,386
4294967278,444
4294967278,433
4294967279,259
4294967279,80
4294967279,72
4294967279,70
4294967279,347
4294967279,21
4294967279,19
4294967279,16
4294967279,381
4294967279,260
4294967279,4
4294967279,559
4294967279,152
1306,6
1306,5
1306,4
1306,2
1306,1
4294967278,445
4294967278,442
4294967278,273
4294967279,262
1303,6
1303,5
1303,4
1303,3
1303,2
1303,1
4294967279,297
4294967294,170
4294967278,262
4294967279,255
4294967279,535
4294967294,118
4294967294,477
4294967294,416
1300,6
1300,5
4294967279,243
1300,4
1300,2
1300,1
4294967278,441
4294967279,217
4294967278,214
1297,6
1297,5
1297,4
1297,2
1297,1
1294,4
1294,3
1294,2
1294,1
4294967294,1414
4294967294,185
4294967294,996
1293,5
1293,4
1293,3
1293,2
1293,1
4294967279,175
4294967278,170
1291,6
4294967279,364
4294967279,167
1291,5
1291,4
1291,3
1291,2
1291,1
4294967278,162
4294967279,160
1290,5
1290,4
4294967278,157
1290,3
1290,2
1290,1
4294967278,443
1289,5
1289,4
4294967278,148
1289,3
1289,2
1289,1
4294967279,145
1288,5
1288,4
1288,3
1288,2
1288,1
4294967294,396
4294967294,179
4294967294,147
4294967294,444
4294967294,148
4294967294,119
4294967294,463
4294967278,138
4294967278,133
4294967278,288
1286,4
1286,3
1286,2
1286,1
4294967279,375
4294967294,1422
4294967279,557
4294967278,373
4294967279,555
4294967294,389
4294967294,387
4294967294,483
4294967278,129
4294967278,366
4294967278,334
4294967278,350
4294967278,411
4294967278,260
4294967278,377
4294967279,362
4294967279,368
4294967279,572
4294967279,13
4294967279,370
4294967279,6
4294967278,131
4294967278,318
4294967279,248
1285,6
1285,5
1285,4
1285,2
1285,1
1282,6
1282,5
1282,4
1282,3
1282,2
1282,1
4294967294,164
4294967279,198
4294967279,194
4294967278,193
